#################################### 
# Matrix Size= (300,300,300)
# Resol      = (1,1,300)
# VoxelSize  = (300,300,1)
# nbVal      = 300
#################################### 
1.01581e-07
1.03725e-07
1.04222e-07
1.05375e-07
1.05992e-07
1.06525e-07
1.06419e-07
1.06543e-07
1.07899e-07
1.08054e-07
1.09683e-07
1.09225e-07
1.10727e-07
1.10298e-07
1.10063e-07
1.11125e-07
1.10905e-07
1.11613e-07
1.11889e-07
1.12938e-07
1.13583e-07
1.1395e-07
1.13719e-07
1.13497e-07
1.14998e-07
1.15186e-07
1.15967e-07
1.16922e-07
1.16385e-07
1.16819e-07
1.17224e-07
1.18147e-07
1.175e-07
1.18151e-07
1.177e-07
1.18343e-07
1.19827e-07
1.19589e-07
1.20325e-07
1.20048e-07
1.2103e-07
1.21754e-07
1.21654e-07
1.22249e-07
1.22076e-07
1.22111e-07
1.23446e-07
1.23645e-07
1.24254e-07
1.23883e-07
1.24104e-07
1.24756e-07
1.25631e-07
1.26773e-07
1.26915e-07
1.26634e-07
1.27091e-07
1.27543e-07
1.28715e-07
1.28297e-07
1.2823e-07
1.28737e-07
1.28036e-07
1.28415e-07
1.2838e-07
1.29115e-07
1.2881e-07
1.29328e-07
1.29984e-07
1.29822e-07
1.3033e-07
1.30163e-07
1.30603e-07
1.29309e-07
1.30531e-07
1.29256e-07
1.31677e-07
1.31048e-07
1.30719e-07
1.30593e-07
1.31101e-07
1.31294e-07
1.32051e-07
1.31614e-07
1.30963e-07
1.3111e-07
1.30927e-07
1.32536e-07
1.3165e-07
1.31976e-07
1.32328e-07
1.32561e-07
1.31806e-07
1.31288e-07
1.31812e-07
1.32197e-07
1.3252e-07
1.32643e-07
1.3397e-07
1.34063e-07
1.34628e-07
1.3482e-07
1.35531e-07
1.36895e-07
1.37231e-07
1.38472e-07
1.39094e-07
1.40767e-07
1.41176e-07
1.43682e-07
1.44913e-07
1.44267e-07
1.46205e-07
1.47915e-07
1.49724e-07
1.49686e-07
1.52188e-07
1.53726e-07
1.56343e-07
1.57777e-07
1.59661e-07
1.6146e-07
1.64156e-07
1.66745e-07
1.69345e-07
1.72408e-07
1.7488e-07
1.79034e-07
1.82945e-07
1.87605e-07
1.91314e-07
1.96839e-07
2.01811e-07
2.08638e-07
2.16811e-07
2.24357e-07
2.36269e-07
2.48509e-07
2.63467e-07
2.83255e-07
3.03612e-07
3.22987e-07
3.45983e-07
3.77287e-07
4.17719e-07
4.67852e-07
5.09671e-07
5.08727e-07
4.34084e-07
2.95446e-07
1.52295e-07
5.70533e-08
1.52048e-08
3.19366e-09
9.22396e-10
5.71892e-10
5.3105e-10
6.04677e-10
5.05162e-10
5.55799e-10
5.265e-10
5.4256e-10
5.82805e-10
5.01262e-10
5.36618e-10
4.45716e-10
3.59721e-10
4.03651e-10
4.79414e-10
4.20409e-10
5.40157e-10
4.3807e-10
4.79344e-10
3.89193e-10
4.21601e-10
4.03654e-10
3.65962e-10
4.84417e-10
4.65495e-10
5.45653e-10
4.45222e-10
3.60529e-10
4.10837e-10
4.45749e-10
4.34084e-10
3.05526e-10
4.11315e-10
3.70345e-10
3.65102e-10
3.38269e-10
2.94955e-10
4.12143e-10
3.74169e-10
3.92492e-10
2.91721e-10
4.06057e-10
2.87472e-10
3.54679e-10
3.81595e-10
2.62845e-10
2.84817e-10
2.88486e-10
3.03231e-10
3.42508e-10
2.69908e-10
2.76525e-10
3.49086e-10
3.70844e-10
2.94154e-10
2.96724e-10
4.0409e-10
2.59754e-10
2.90579e-10
2.89651e-10
2.53528e-10
2.57038e-10
2.75371e-10
2.06488e-10
2.19396e-10
2.46648e-10
2.06336e-10
2.20931e-10
2.07594e-10
1.91868e-10
2.64318e-10
2.6519e-10
2.13483e-10
2.28158e-10
1.91883e-10
2.57048e-10
1.79147e-10
2.28291e-10
2.61485e-10
2.0786e-10
1.45139e-10
1.48503e-10
1.91463e-10
1.86058e-10
2.03377e-10
1.30209e-10
1.28632e-10
1.68837e-10
1.86653e-10
1.18967e-10
2.37405e-10
1.70051e-10
1.80223e-10
2.03403e-10
1.51643e-10
1.84162e-10
1.27119e-10
1.12106e-10
9.08676e-11
1.30478e-10
1.39579e-10
1.88614e-10
1.85957e-10
1.72944e-10
1.46321e-10
1.82835e-10
1.50957e-10
2.09535e-10
1.55973e-10
2.25071e-10
1.33449e-10
1.49504e-10
1.49807e-10
1.4757e-10
1.31181e-10
1.75678e-10
1.94833e-10
1.48606e-10
1.57746e-10
1.57559e-10
1.54289e-10
1.7176e-10
1.53193e-10
1.47819e-10
1.57363e-10
1.70116e-10
1.83066e-10
1.87866e-10
2.22129e-10
2.18953e-10
2.15275e-10
1.07122e-10
1.24577e-10
1.17718e-10
9.8178e-11
9.32095e-11
8.98933e-11
1.21483e-10
1.23251e-10
1.19219e-10
1.91394e-10
1.54818e-10
1.173e-10
1.25896e-10
1.13104e-10
1.01684e-10
