#################################### 
# Matrix Size= (300,300,300)
# Resol      = (1,1,300)
# VoxelSize  = (300,300,1)
# nbVal      = 300
#################################### 
1.0185e-07
1.0402e-07
1.04523e-07
1.05688e-07
1.06303e-07
1.06844e-07
1.06739e-07
1.06865e-07
1.08229e-07
1.08384e-07
1.10028e-07
1.09568e-07
1.11079e-07
1.10648e-07
1.10417e-07
1.11487e-07
1.11265e-07
1.11979e-07
1.12255e-07
1.13312e-07
1.11345e-07
1.11709e-07
1.11477e-07
1.11269e-07
1.12739e-07
1.12925e-07
1.13687e-07
1.14634e-07
1.14101e-07
1.14531e-07
1.1493e-07
1.15835e-07
1.15202e-07
1.15841e-07
1.15408e-07
1.16039e-07
1.17494e-07
1.17271e-07
1.17993e-07
1.17717e-07
1.18686e-07
1.19394e-07
1.19303e-07
1.19892e-07
1.19727e-07
1.19761e-07
1.21072e-07
1.21272e-07
1.21866e-07
1.2151e-07
1.21728e-07
1.22371e-07
1.23229e-07
1.24357e-07
1.24495e-07
1.24228e-07
1.24683e-07
1.25126e-07
1.26277e-07
1.25875e-07
1.29019e-07
1.29513e-07
1.28796e-07
1.29181e-07
1.2915e-07
1.29885e-07
1.29584e-07
1.30105e-07
1.30767e-07
1.30603e-07
1.31123e-07
1.30953e-07
1.31396e-07
1.30091e-07
1.31324e-07
1.30047e-07
1.32484e-07
1.3185e-07
1.3152e-07
1.31394e-07
1.31905e-07
1.32096e-07
1.3286e-07
1.3242e-07
1.31772e-07
1.31915e-07
1.31737e-07
1.33353e-07
1.32462e-07
1.32792e-07
1.33146e-07
1.3338e-07
1.32624e-07
1.32101e-07
1.32628e-07
1.33015e-07
1.33339e-07
1.33467e-07
1.34802e-07
1.34907e-07
1.2101e-07
1.21182e-07
1.21836e-07
1.23046e-07
1.23367e-07
1.24475e-07
1.25037e-07
1.26523e-07
1.26899e-07
1.2914e-07
1.30234e-07
1.2968e-07
1.31421e-07
1.32949e-07
1.34551e-07
1.34541e-07
1.36784e-07
1.38155e-07
1.40492e-07
1.41784e-07
1.43476e-07
1.45086e-07
1.47507e-07
1.49814e-07
1.52156e-07
1.54895e-07
1.57101e-07
1.60816e-07
1.64327e-07
1.68475e-07
1.71803e-07
1.76733e-07
1.81184e-07
1.87281e-07
1.94585e-07
2.01346e-07
2.11988e-07
2.22906e-07
2.36265e-07
2.53889e-07
3.04023e-07
3.23423e-07
3.46456e-07
3.77801e-07
4.18284e-07
4.6849e-07
5.10367e-07
5.09416e-07
4.34673e-07
2.95847e-07
1.52503e-07
5.71307e-08
1.52254e-08
3.198e-09
9.2365e-10
5.72669e-10
5.31772e-10
6.05499e-10
5.05849e-10
5.56555e-10
5.27217e-10
5.43299e-10
5.83598e-10
5.01944e-10
5.37348e-10
4.46322e-10
3.60211e-10
4.04201e-10
4.80066e-10
4.20981e-10
5.40892e-10
4.38666e-10
4.79996e-10
3.89722e-10
4.22175e-10
4.04203e-10
3.6646e-10
4.85076e-10
4.66128e-10
5.46396e-10
4.45828e-10
3.6102e-10
4.11396e-10
4.46355e-10
4.34674e-10
3.05941e-10
4.11874e-10
3.70848e-10
3.65598e-10
3.38729e-10
2.95356e-10
4.12704e-10
3.74678e-10
3.93026e-10
2.92118e-10
4.06609e-10
2.87863e-10
3.55161e-10
3.82114e-10
2.63203e-10
2.85204e-10
2.88879e-10
3.03643e-10
3.42974e-10
2.70275e-10
2.76901e-10
3.49561e-10
3.71349e-10
2.94554e-10
2.97127e-10
4.0464e-10
2.60108e-10
2.90974e-10
2.90045e-10
2.53872e-10
2.57387e-10
2.75745e-10
2.06768e-10
2.19694e-10
2.46983e-10
2.06616e-10
2.21231e-10
2.07876e-10
1.92129e-10
2.64678e-10
2.65551e-10
2.13773e-10
2.28468e-10
1.92144e-10
2.57397e-10
1.7939e-10
2.28601e-10
2.61841e-10
2.08143e-10
1.45336e-10
1.48705e-10
1.91724e-10
1.86312e-10
2.03653e-10
1.30386e-10
1.28807e-10
1.69067e-10
1.86907e-10
1.19129e-10
2.37728e-10
1.70282e-10
1.80468e-10
2.03679e-10
1.51849e-10
1.84413e-10
1.27292e-10
1.12258e-10
9.09912e-11
1.30655e-10
1.39769e-10
1.8887e-10
1.8621e-10
1.73179e-10
1.4652e-10
1.83084e-10
1.51162e-10
2.0982e-10
1.56185e-10
2.25377e-10
1.33631e-10
1.49708e-10
1.50011e-10
1.4777e-10
1.31359e-10
1.75917e-10
1.95098e-10
1.48808e-10
1.57961e-10
1.57774e-10
1.54499e-10
1.71994e-10
1.53401e-10
1.4802e-10
1.57577e-10
1.70347e-10
1.83315e-10
1.88121e-10
2.22431e-10
2.1925e-10
2.15568e-10
1.07268e-10
1.24746e-10
1.17878e-10
9.83116e-11
9.33363e-11
9.00156e-11
1.21648e-10
1.23419e-10
1.19381e-10
1.91654e-10
1.55029e-10
1.17459e-10
1.26067e-10
1.13258e-10
1.01822e-10
