#TREATMENT-PLAN-DESCRIPTION
#PlanName
Temporary_16
#NumberOfFractions
1
##FractionID
1
##NumberOfFields
1
###FieldsID
1
#TotalMetersetWeightOfAllFields
1088.96

#FIELD-DESCRIPTION
###FieldID
1
###FinalCumulativeMeterSetWeight
1088.96
###GantryAngle
0
###PatientSupportAngle
0
###IsocenterPosition
-8.34 -20.64 48
###NumberOfControlPoints
30

#SPOTS-DESCRIPTION
####ControlPointIndex
0
####SpotTunnedID
4.0 
####CumulativeMetersetWeight
0
####Energy (MeV)
135.79
####NbOfScannedSpots
3
####X Y Weight
0 16 0.96
8 8 3.29
-8 -24 2.69
####ControlPointIndex
1
####SpotTunnedID
4.0 
####CumulativeMetersetWeight
6.94
####Energy (MeV)
135.79
####NbOfScannedSpots
3
####X Y Weight
0 16 0
8 8 0
-8 -24 0
####ControlPointIndex
2
####SpotTunnedID
4.0 
####CumulativeMetersetWeight
6.94
####Energy (MeV)
133.08
####NbOfScannedSpots
7
####X Y Weight
0 16 3.06
0 8 4.11
8 8 4.21
0 0 3.07
8 0 3.49
-16 -8 1.87
-8 -24 3.43
####ControlPointIndex
3
####SpotTunnedID
4.0 
####CumulativeMetersetWeight
30.18
####Energy (MeV)
133.08
####NbOfScannedSpots
7
####X Y Weight
0 16 0
0 8 0
8 8 0
0 0 0
8 0 0
-16 -8 0
-8 -24 0
####ControlPointIndex
4
####SpotTunnedID
4.0 
####CumulativeMetersetWeight
30.18
####Energy (MeV)
130.38
####NbOfScannedSpots
12
####X Y Weight
0 24 1.97
0 16 3.53
8 16 2.66
0 8 5.33
8 8 4.17
0 0 4.08
8 0 4.07
-16 -8 2.71
8 -8 1.76
-8 -16 2.89
-24 -24 0.48
-8 -24 3.41
####ControlPointIndex
5
####SpotTunnedID
4.0 
####CumulativeMetersetWeight
67.24
####Energy (MeV)
130.38
####NbOfScannedSpots
12
####X Y Weight
0 24 0
0 16 0
8 16 0
0 8 0
8 8 0
0 0 0
8 0 0
-16 -8 0
8 -8 0
-8 -16 0
-24 -24 0
-8 -24 0
####ControlPointIndex
6
####SpotTunnedID
4.0 
####CumulativeMetersetWeight
67.24
####Energy (MeV)
127.7
####NbOfScannedSpots
19
####X Y Weight
-8 24 2.15
0 24 2.42
0 16 3.63
8 16 3.06
0 8 6.09
8 8 3.39
-32 0 2.58
0 0 4.92
8 0 3.24
-24 -8 3.1
-16 -8 2.93
-8 -8 2.76
8 -8 2.09
-24 -16 2.52
-16 -16 3.17
-8 -16 3.76
8 -16 1.02
-24 -24 1.02
-8 -24 3.3
####ControlPointIndex
7
####SpotTunnedID
4.0 
####CumulativeMetersetWeight
124.39
####Energy (MeV)
127.7
####NbOfScannedSpots
19
####X Y Weight
-8 24 0
0 24 0
0 16 0
8 16 0
0 8 0
8 8 0
-32 0 0
0 0 0
8 0 0
-24 -8 0
-16 -8 0
-8 -8 0
8 -8 0
-24 -16 0
-16 -16 0
-8 -16 0
8 -16 0
-24 -24 0
-8 -24 0
####ControlPointIndex
8
####SpotTunnedID
4.0 
####CumulativeMetersetWeight
124.39
####Energy (MeV)
125.11
####NbOfScannedSpots
24
####X Y Weight
-8 24 2.47
0 24 2.13
0 16 2.87
8 16 2.73
0 8 4.74
8 8 2.44
-32 0 3.32
-24 0 2.56
0 0 5.07
8 0 2.09
-32 -8 2.02
-24 -8 3.85
-16 -8 3.04
-8 -8 3.68
0 -8 2.77
8 -8 1.76
16 -8 1.64
-24 -16 3.28
-16 -16 3.96
-8 -16 4.3
8 -16 1.57
-24 -24 0.8
-16 -24 1.81
-8 -24 3.14
####ControlPointIndex
9
####SpotTunnedID
4.0 
####CumulativeMetersetWeight
192.43
####Energy (MeV)
125.11
####NbOfScannedSpots
24
####X Y Weight
-8 24 0
0 24 0
0 16 0
8 16 0
0 8 0
8 8 0
-32 0 0
-24 0 0
0 0 0
8 0 0
-32 -8 0
-24 -8 0
-16 -8 0
-8 -8 0
0 -8 0
8 -8 0
16 -8 0
-24 -16 0
-16 -16 0
-8 -16 0
8 -16 0
-24 -24 0
-16 -24 0
-8 -24 0
####ControlPointIndex
10
####SpotTunnedID
4.0 
####CumulativeMetersetWeight
192.43
####Energy (MeV)
122.53
####NbOfScannedSpots
30
####X Y Weight
-8 24 2.33
0 24 1.93
-8 16 2.43
0 16 1.57
8 16 2.46
-32 8 2.21
-8 8 3.62
0 8 2.12
8 8 1.92
16 8 2.39
-32 0 3.05
-24 0 3.29
-16 0 3.04
0 0 2.31
8 0 1.58
16 0 1.82
-32 -8 2.65
-24 -8 4.09
-16 -8 2.97
-8 -8 3.73
0 -8 3.56
8 -8 1.51
16 -8 2.29
-24 -16 3.35
-16 -16 4.31
-8 -16 4.38
8 -16 1.46
-24 -24 0.49
-16 -24 2.44
-8 -24 2.7
####ControlPointIndex
11
####SpotTunnedID
4.0 
####CumulativeMetersetWeight
270.43
####Energy (MeV)
122.53
####NbOfScannedSpots
30
####X Y Weight
-8 24 0
0 24 0
-8 16 0
0 16 0
8 16 0
-32 8 0
-8 8 0
0 8 0
8 8 0
16 8 0
-32 0 0
-24 0 0
-16 0 0
0 0 0
8 0 0
16 0 0
-32 -8 0
-24 -8 0
-16 -8 0
-8 -8 0
0 -8 0
8 -8 0
16 -8 0
-24 -16 0
-16 -16 0
-8 -16 0
8 -16 0
-24 -24 0
-16 -24 0
-8 -24 0
####ControlPointIndex
12
####SpotTunnedID
4.0 
####CumulativeMetersetWeight
270.43
####Energy (MeV)
120.04
####NbOfScannedSpots
33
####X Y Weight
-8 24 2.22
0 24 1.78
-8 16 3.04
0 16 0.59
8 16 2.28
-32 8 2.83
-24 8 3.37
-8 8 4.59
0 8 1.13
8 8 1.72
16 8 2.93
-32 0 2.52
-24 0 3.29
-16 0 3.97
-8 0 4.42
8 0 1.78
16 0 2.43
-32 -8 2.72
-24 -8 4.17
-16 -8 1.93
-8 -8 3.38
0 -8 3.32
8 -8 1.27
16 -8 2.39
-32 -16 0.95
-24 -16 3.18
-16 -16 4.02
-8 -16 2.37
8 -16 1.26
16 -16 2.32
-16 -24 2.43
-8 -24 2.27
8 -24 2.26
####ControlPointIndex
13
####SpotTunnedID
4.0 
####CumulativeMetersetWeight
355.56
####Energy (MeV)
120.04
####NbOfScannedSpots
33
####X Y Weight
-8 24 0
0 24 0
-8 16 0
0 16 0
8 16 0
-32 8 0
-24 8 0
-8 8 0
0 8 0
8 8 0
16 8 0
-32 0 0
-24 0 0
-16 0 0
-8 0 0
8 0 0
16 0 0
-32 -8 0
-24 -8 0
-16 -8 0
-8 -8 0
0 -8 0
8 -8 0
16 -8 0
-32 -16 0
-24 -16 0
-16 -16 0
-8 -16 0
8 -16 0
16 -16 0
-16 -24 0
-8 -24 0
8 -24 0
####ControlPointIndex
14
####SpotTunnedID
4.0 
####CumulativeMetersetWeight
355.56
####Energy (MeV)
117.64
####NbOfScannedSpots
35
####X Y Weight
-8 24 1.91
0 24 1.57
-8 16 3.05
0 16 0.22
8 16 2.15
-32 8 2.85
-24 8 4.07
-8 8 5.28
0 8 1.17
8 8 1.54
16 8 3
-32 0 2.21
-24 0 3.28
-16 0 4.21
-8 0 5.35
8 0 1.77
16 0 2.52
-32 -8 2.67
-24 -8 3.55
-16 -8 0.98
-8 -8 2.77
0 -8 2.95
8 -8 1.25
16 -8 2.46
-32 -16 1.5
-24 -16 2.77
-16 -16 3.59
-8 -16 1.36
0 -16 2.68
8 -16 1.05
16 -16 2.92
-16 -24 2.28
-8 -24 1.92
0 -24 2.72
8 -24 2.79
####ControlPointIndex
15
####SpotTunnedID
4.0 
####CumulativeMetersetWeight
443.92
####Energy (MeV)
117.64
####NbOfScannedSpots
35
####X Y Weight
-8 24 0
0 24 0
-8 16 0
0 16 0
8 16 0
-32 8 0
-24 8 0
-8 8 0
0 8 0
8 8 0
16 8 0
-32 0 0
-24 0 0
-16 0 0
-8 0 0
8 0 0
16 0 0
-32 -8 0
-24 -8 0
-16 -8 0
-8 -8 0
0 -8 0
8 -8 0
16 -8 0
-32 -16 0
-24 -16 0
-16 -16 0
-8 -16 0
0 -16 0
8 -16 0
16 -16 0
-16 -24 0
-8 -24 0
0 -24 0
8 -24 0
####ControlPointIndex
16
####SpotTunnedID
4.0 
####CumulativeMetersetWeight
443.92
####Energy (MeV)
115.27
####NbOfScannedSpots
37
####X Y Weight
-8 24 1.47
0 24 1.37
-8 16 3.05
0 16 0.11
8 16 2.03
16 16 2.28
-32 8 2.62
-24 8 4.03
-16 8 3.85
-8 8 5.33
0 8 0.98
8 8 1.35
16 8 3.05
-32 0 2.01
-24 0 3.06
-16 0 3.81
-8 0 5.87
8 0 1.56
16 0 2.69
-32 -8 2.47
-24 -8 2.58
-16 -8 0.57
-8 -8 0.79
0 -8 2.56
8 -8 1.35
16 -8 2.48
-32 -16 1.39
-24 -16 2.09
-16 -16 3.08
-8 -16 0.73
0 -16 3.52
8 -16 0.94
16 -16 2.89
-16 -24 1.94
-8 -24 1.51
0 -24 3.27
8 -24 2.7
####ControlPointIndex
17
####SpotTunnedID
4.0 
####CumulativeMetersetWeight
531.3
####Energy (MeV)
115.27
####NbOfScannedSpots
37
####X Y Weight
-8 24 0
0 24 0
-8 16 0
0 16 0
8 16 0
16 16 0
-32 8 0
-24 8 0
-16 8 0
-8 8 0
0 8 0
8 8 0
16 8 0
-32 0 0
-24 0 0
-16 0 0
-8 0 0
8 0 0
16 0 0
-32 -8 0
-24 -8 0
-16 -8 0
-8 -8 0
0 -8 0
8 -8 0
16 -8 0
-32 -16 0
-24 -16 0
-16 -16 0
-8 -16 0
0 -16 0
8 -16 0
16 -16 0
-16 -24 0
-8 -24 0
0 -24 0
8 -24 0
####ControlPointIndex
18
####SpotTunnedID
4.0 
####CumulativeMetersetWeight
531.3
####Energy (MeV)
112.93
####NbOfScannedSpots
40
####X Y Weight
-8 24 1.31
0 24 1.23
-16 16 4.34
-8 16 2.63
8 16 1.87
16 16 2.98
24 16 2.14
-32 8 2.46
-24 8 3.79
-16 8 4.98
-8 8 3.18
0 8 0.64
8 8 1.15
16 8 3.06
-32 0 1.91
-24 0 2.27
-16 0 2.75
-8 0 5.86
0 0 0.87
16 0 2.68
24 0 2.84
-32 -8 2.17
-24 -8 1.72
-16 -8 0.57
-8 -8 0.1
0 -8 1.59
8 -8 1.49
16 -8 2.41
24 -8 3.37
-32 -16 1.21
-24 -16 1.33
-16 -16 2.33
-8 -16 0.32
0 -16 3.3
8 -16 1.07
16 -16 2.89
-16 -24 1.57
-8 -24 1.32
0 -24 3.16
8 -24 2.65
####ControlPointIndex
19
####SpotTunnedID
4.0 
####CumulativeMetersetWeight
620.81
####Energy (MeV)
112.93
####NbOfScannedSpots
40
####X Y Weight
-8 24 0
0 24 0
-16 16 0
-8 16 0
8 16 0
16 16 0
24 16 0
-32 8 0
-24 8 0
-16 8 0
-8 8 0
0 8 0
8 8 0
16 8 0
-32 0 0
-24 0 0
-16 0 0
-8 0 0
0 0 0
16 0 0
24 0 0
-32 -8 0
-24 -8 0
-16 -8 0
-8 -8 0
0 -8 0
8 -8 0
16 -8 0
24 -8 0
-32 -16 0
-24 -16 0
-16 -16 0
-8 -16 0
0 -16 0
8 -16 0
16 -16 0
-16 -24 0
-8 -24 0
0 -24 0
8 -24 0
####ControlPointIndex
20
####SpotTunnedID
4.0 
####CumulativeMetersetWeight
620.81
####Energy (MeV)
110.69
####NbOfScannedSpots
42
####X Y Weight
-16 24 3.47
-8 24 1.22
0 24 1.18
8 24 1.72
-24 16 4.49
-16 16 5.84
-8 16 1.62
8 16 1.65
16 16 2.98
24 16 2.92
-32 8 2.41
-24 8 3.6
-16 8 5.38
-8 8 1.63
0 8 0.6
8 8 0.84
16 8 3.02
24 8 3.99
-24 0 1.24
-16 0 1.9
-8 0 3.67
0 0 0.61
16 0 2.49
24 0 3.6
-32 -8 1.84
-24 -8 1.04
-16 -8 0.43
-8 -8 0.41
0 -8 0.82
8 -8 1.4
16 -8 2.13
24 -8 4.06
-32 -16 0.98
-24 -16 0.75
-16 -16 1.5
-8 -16 0.29
0 -16 2.49
8 -16 1.25
16 -16 2.85
-16 -24 1.1
0 -24 3.09
8 -24 2.65
####ControlPointIndex
21
####SpotTunnedID
4.0 
####CumulativeMetersetWeight
711.96
####Energy (MeV)
110.69
####NbOfScannedSpots
42
####X Y Weight
-16 24 0
-8 24 0
0 24 0
8 24 0
-24 16 0
-16 16 0
-8 16 0
8 16 0
16 16 0
24 16 0
-32 8 0
-24 8 0
-16 8 0
-8 8 0
0 8 0
8 8 0
16 8 0
24 8 0
-24 0 0
-16 0 0
-8 0 0
0 0 0
16 0 0
24 0 0
-32 -8 0
-24 -8 0
-16 -8 0
-8 -8 0
0 -8 0
8 -8 0
16 -8 0
24 -8 0
-32 -16 0
-24 -16 0
-16 -16 0
-8 -16 0
0 -16 0
8 -16 0
16 -16 0
-16 -24 0
0 -24 0
8 -24 0
####ControlPointIndex
22
####SpotTunnedID
4.0 
####CumulativeMetersetWeight
711.96
####Energy (MeV)
108.48
####NbOfScannedSpots
44
####X Y Weight
-16 24 4.15
-8 24 1.3
0 24 1.47
8 24 2.24
-24 16 5.01
-16 16 5.79
-8 16 1.4
8 16 1.4
16 16 2.92
24 16 3
-32 8 2.37
-24 8 3.54
-16 8 5.37
-8 8 1.43
0 8 0.7
8 8 0.27
16 8 2.74
24 8 4.78
-24 0 1.07
-16 0 1.48
-8 0 1.68
0 0 0.9
8 0 0.7
16 0 1.79
24 0 3.69
-32 -8 1.62
-24 -8 0.68
-16 -8 0.16
-8 -8 0.93
0 -8 0.38
8 -8 1.29
16 -8 1.44
24 -8 4.08
-32 -16 0.8
-24 -16 0.49
-16 -16 0.8
-8 -16 0.31
0 -16 1.83
8 -16 1.24
16 -16 2.65
-16 -24 0.71
0 -24 2.97
8 -24 2.62
16 -24 2.23
####ControlPointIndex
23
####SpotTunnedID
4.0 
####CumulativeMetersetWeight
800.38
####Energy (MeV)
108.48
####NbOfScannedSpots
44
####X Y Weight
-16 24 0
-8 24 0
0 24 0
8 24 0
-24 16 0
-16 16 0
-8 16 0
8 16 0
16 16 0
24 16 0
-32 8 0
-24 8 0
-16 8 0
-8 8 0
0 8 0
8 8 0
16 8 0
24 8 0
-24 0 0
-16 0 0
-8 0 0
0 0 0
8 0 0
16 0 0
24 0 0
-32 -8 0
-24 -8 0
-16 -8 0
-8 -8 0
0 -8 0
8 -8 0
16 -8 0
24 -8 0
-32 -16 0
-24 -16 0
-16 -16 0
-8 -16 0
0 -16 0
8 -16 0
16 -16 0
-16 -24 0
0 -24 0
8 -24 0
16 -24 0
####ControlPointIndex
24
####SpotTunnedID
4.0 
####CumulativeMetersetWeight
800.38
####Energy (MeV)
106.3
####NbOfScannedSpots
43
####X Y Weight
-16 24 4.24
-8 24 1.73
0 24 1.84
8 24 2.25
-24 16 4.93
-16 16 5.57
-8 16 1.53
8 16 1.23
16 16 2.8
24 16 3
-24 8 3.35
-16 8 4.57
-8 8 1.96
0 8 0.54
16 8 2.33
24 8 4.9
32 8 1.65
-24 0 1.23
-16 0 1.32
-8 0 1
0 0 0.94
8 0 0.51
16 0 0.83
24 0 3.64
32 0 2.4
-32 -8 1.57
-24 -8 0.79
-8 -8 1.33
0 -8 0.31
8 -8 1.15
16 -8 0.91
24 -8 4
-24 -16 0.51
-16 -16 0.12
-8 -16 0.56
0 -16 1.33
8 -16 1.18
16 -16 2.37
24 -16 3.56
-16 -24 0.54
0 -24 2.82
8 -24 2.59
16 -24 2.78
####ControlPointIndex
25
####SpotTunnedID
4.0 
####CumulativeMetersetWeight
889.09
####Energy (MeV)
106.3
####NbOfScannedSpots
43
####X Y Weight
-16 24 0
-8 24 0
0 24 0
8 24 0
-24 16 0
-16 16 0
-8 16 0
8 16 0
16 16 0
24 16 0
-24 8 0
-16 8 0
-8 8 0
0 8 0
16 8 0
24 8 0
32 8 0
-24 0 0
-16 0 0
-8 0 0
0 0 0
8 0 0
16 0 0
24 0 0
32 0 0
-32 -8 0
-24 -8 0
-8 -8 0
0 -8 0
8 -8 0
16 -8 0
24 -8 0
-24 -16 0
-16 -16 0
-8 -16 0
0 -16 0
8 -16 0
16 -16 0
24 -16 0
-16 -24 0
0 -24 0
8 -24 0
16 -24 0
####ControlPointIndex
26
####SpotTunnedID
4.0 
####CumulativeMetersetWeight
889.09
####Energy (MeV)
104.17
####NbOfScannedSpots
43
####X Y Weight
-16 24 4.22
-8 24 2.1
0 24 2.19
8 24 2.33
-24 16 4.91
-16 16 5.34
-8 16 1.58
0 16 1.31
8 16 1.25
16 16 2.61
24 16 2.9
-24 8 3.3
-16 8 3.63
-8 8 2.25
0 8 0.42
16 8 1.73
24 8 4.9
32 8 2.36
-24 0 1.44
-16 0 1.7
-8 0 1.56
0 0 0.77
8 0 0.68
16 0 0.09
24 0 3.36
32 0 3.05
-24 -8 1.03
-16 -8 0.14
-8 -8 1.42
0 -8 0.53
8 -8 1.44
16 -8 0.63
24 -8 3.74
32 -8 2.03
-8 -16 1.61
0 -16 1.02
8 -16 1.35
16 -16 2.17
24 -16 4.11
-16 -24 0.58
0 -24 2.67
8 -24 2.59
16 -24 2.71
####ControlPointIndex
27
####SpotTunnedID
4.0 
####CumulativeMetersetWeight
980.84
####Energy (MeV)
104.17
####NbOfScannedSpots
43
####X Y Weight
-16 24 0
-8 24 0
0 24 0
8 24 0
-24 16 0
-16 16 0
-8 16 0
0 16 0
8 16 0
16 16 0
24 16 0
-24 8 0
-16 8 0
-8 8 0
0 8 0
16 8 0
24 8 0
32 8 0
-24 0 0
-16 0 0
-8 0 0
0 0 0
8 0 0
16 0 0
24 0 0
32 0 0
-24 -8 0
-16 -8 0
-8 -8 0
0 -8 0
8 -8 0
16 -8 0
24 -8 0
32 -8 0
-8 -16 0
0 -16 0
8 -16 0
16 -16 0
24 -16 0
-16 -24 0
0 -24 0
8 -24 0
16 -24 0
####ControlPointIndex
28
####SpotTunnedID
4.0 
####CumulativeMetersetWeight
980.84
####Energy (MeV)
102
####NbOfScannedSpots
46
####X Y Weight
-24 24 2.85
-16 24 4.12
-8 24 2.37
0 24 2.23
8 24 2.43
-32 16 2.31
-24 16 4.98
-16 16 5.18
-8 16 1.23
0 16 3.12
8 16 1.93
16 16 2.55
24 16 2.87
-24 8 3.8
-16 8 3.1
-8 8 2.88
0 8 0.7
8 8 0.33
16 8 1.61
24 8 4.85
32 8 2.38
-24 0 1.7
-16 0 2.66
-8 0 2.31
0 0 1.34
8 0 1.21
16 0 0.45
24 0 3.34
32 0 3.12
-24 -8 1.32
-16 -8 0.93
-8 -8 1.29
0 -8 1.13
8 -8 1.96
16 -8 1.18
24 -8 3.86
32 -8 2.69
-16 -16 0.26
-8 -16 1.7
0 -16 1.08
8 -16 2
16 -16 2.51
24 -16 4.13
0 -24 2.69
8 -24 2.75
16 -24 2.69
####ControlPointIndex
29
####SpotTunnedID
0 
####CumulativeMetersetWeight
1088.96
####Energy (MeV)
0
####NbOfScannedSpots
0
####X Y Weight
